# Dataset "300K (-)" exported from GenX on Fri Dec  9 11:04:04 2016
# Column lables:
# x	I_simulated	I	error(I)	error(x)
8.817194218112001103e-03 1.000001211116154032e+00 1.054909000000000097e+00 2.847146999999999872e-02 4.080165521769448791e-04
8.901570106016000808e-03 1.000001211116153810e+00 1.056553000000000075e+00 2.648121999999999976e-02 4.081818571024263867e-04
8.987574985535999941e-03 1.000001211116153366e+00 1.000515999999999961e+00 2.449486000000000024e-02 4.083524114939722071e-04
9.075259237856000971e-03 1.000001211116154698e+00 1.006045000000000078e+00 2.361945999999999837e-02 4.085284125927410759e-04
9.164670095336001007e-03 9.994791850735769145e-01 1.013139000000000012e+00 2.296095999999999901e-02 4.087101414005975112e-04
9.255861087984000937e-03 9.991452152151923949e-01 1.036640000000000006e+00 2.269515000000000074e-02 4.088978507021527359e-04
9.348884696200002176e-03 9.989275913680862873e-01 1.024366000000000110e+00 2.228308999999999845e-02 4.090917487681716962e-04
9.443797598816000560e-03 9.934436842372419418e-01 1.015441000000000038e+00 2.195596999999999827e-02 4.092921938867391941e-04
9.540656474664000603e-03 9.901639157025095006e-01 9.724302999999999697e-01 2.094425999999999927e-02 4.094994067098144445e-04
9.639523250616000710e-03 9.879630548799587242e-01 1.002655999999999992e+00 2.048714999999999911e-02 4.097137721633268485e-04
9.740459853544001026e-03 9.670643482183189921e-01 9.984300000000000397e-01 1.968492000000000158e-02 4.099355681375311047e-04
9.843533458360000793e-03 9.569033008184925082e-01 9.899896000000000251e-01 1.913882999999999904e-02 4.101652115795726425e-04
9.948813339192001670e-03 9.325931604383821405e-01 9.672418000000000404e-01 1.848924000000000054e-02 4.104030020451420986e-04
1.005636667095199943e-02 8.981202378760289040e-01 9.163004000000000149e-01 1.762290000000000037e-02 4.106493659532765980e-04
1.016627322384800088e-02 8.781196773326584992e-01 8.902894000000000085e-01 1.687490000000000170e-02 4.109047926321766583e-04
1.027860856965600103e-02 8.182331459160073761e-01 8.713904000000000094e-01 1.621544999999999931e-02 4.111695621796346246e-04
1.039345247858400149e-02 7.810761055531598718e-01 8.094314000000000231e-01 1.513071000000000034e-02 4.114443465213890702e-04
1.051088996888000122e-02 7.301698638727212032e-01 7.684098999999999791e-01 1.444350999999999968e-02 4.117295189449311364e-04
1.063101760448000033e-02 6.808641778195199112e-01 7.153414000000000161e-01 1.365380000000000066e-02 4.120257305879349843e-04
1.075391620520000160e-02 6.458632202678786793e-01 6.431915000000000271e-01 1.273313000000000049e-02 4.123333709948783432e-04
1.087970122792000088e-02 5.933392526824933233e-01 5.973003999999999536e-01 1.200851000000000002e-02 4.126533059787719634e-04
1.100844614520000118e-02 5.589872498643336796e-01 5.650863000000000413e-01 1.140960000000000064e-02 4.129859289985676795e-04
1.114028740608000168e-02 5.223878647940776165e-01 5.465227000000000279e-01 1.104152000000000085e-02 4.133321335168728297e-04
1.127531947528000178e-02 4.929928607264611462e-01 4.901311999999999891e-01 1.028369999999999979e-02 4.136925941722428292e-04
1.141366830576000073e-02 4.661080807331785536e-01 4.615399000000000029e-01 9.698972000000000149e-03 4.140681137842058194e-04
1.155544935440000129e-02 4.418781693119929743e-01 4.644387999999999850e-01 9.567670999999999815e-03 4.144595524588135568e-04
1.170080956632000083e-02 4.195101064585286532e-01 4.326772999999999869e-01 9.149587000000000692e-03 4.148677775103292017e-04
1.184986439840000037e-02 3.986295303041186844e-01 3.887459999999999805e-01 8.562273999999999927e-03 4.152939050347837792e-04
1.200276079576000077e-02 3.789937408140446884e-01 3.592963000000000129e-01 8.008741999999999250e-03 4.157388797938556843e-04
1.215965619960000105e-02 3.604282105100102829e-01 3.661325000000000274e-01 7.730775999999999967e-03 4.162038767339992285e-04
1.232071854720000019e-02 3.428005788175712554e-01 3.349725000000000064e-01 7.041221000000000285e-03 4.166900917349607701e-04
1.248609478368000250e-02 3.260101746651982157e-01 3.141237000000000057e-01 6.573637000000000230e-03 4.171989122256312683e-04
1.265597383848000163e-02 3.099731300349962138e-01 3.139559000000000100e-01 6.490654000000000215e-03 4.177317565029500888e-04
1.283053414496000168e-02 2.946228020593672503e-01 2.815488999999999908e-01 5.974387000000000274e-03 4.182900742833853052e-04
1.300998562471999964e-02 2.799022910137315412e-01 2.850401000000000185e-01 5.773549000000000216e-03 4.188755548966900427e-04
1.319452770328000124e-02 2.657649873627750403e-01 2.768068000000000195e-01 4.751079000000000066e-03 4.194243370941772259e-04
1.319452770328000124e-02 2.657656712786203301e-01 2.614299999999999957e-01 5.436166000000000088e-03 4.194901130563627304e-04
1.338437030224000172e-02 2.521735418509704063e-01 2.432316999999999951e-01 4.305230000000000168e-03 4.200679923489648708e-04
1.338437030224000172e-02 2.521741762630979045e-01 2.441870999999999903e-01 5.185585999999999841e-03 4.201355672172495440e-04
1.357976532752000129e-02 2.390922569676370013e-01 2.462019000000000013e-01 4.120033999999999849e-03 4.207446353302796735e-04
1.357976532752000129e-02 2.390928479326406286e-01 2.293960999999999917e-01 5.926240999999999627e-03 4.208141264036177566e-04
1.378094369288000200e-02 2.264934459181874860e-01 2.253089000000000064e-01 3.852242999999999987e-03 4.214565724182741963e-04
1.398817829640000045e-02 2.143516327745068062e-01 2.070038999999999907e-01 3.586558000000000107e-03 4.222063134059461089e-04
1.420174203616000191e-02 2.026457347528650976e-01 2.059593000000000118e-01 3.476767999999999872e-03 4.229965516389111186e-04
1.442191830632000120e-02 1.913577881736946984e-01 1.882254999999999900e-01 3.259624999999999936e-03 4.238301747923217699e-04
1.464904298144000146e-02 1.804705529828877497e-01 1.872331999999999885e-01 3.243362000000000068e-03 4.247107131713185680e-04
1.488342044784000083e-02 1.699714051682544580e-01 1.732464999999999977e-01 3.231987999999999875e-03 4.256412265047759672e-04
1.512542856440000048e-02 1.598471044031863908e-01 1.628517999999999910e-01 3.133554000000000200e-03 4.266261694543479512e-04
1.537543469392000164e-02 1.500875330372209160e-01 1.473565000000000014e-01 2.918098999999999953e-03 4.276692068601151793e-04
1.563384818352000355e-02 1.406832600086952989e-01 1.389238999999999891e-01 2.750555999999999921e-03 4.287755839085989899e-04
1.590108887640000190e-02 1.316266792933126484e-01 1.338598000000000010e-01 2.620003999999999996e-03 4.299500598737486068e-04
1.617762909616000250e-02 1.229104607236231050e-01 1.228284000000000042e-01 2.463910000000000145e-03 4.311984953558627609e-04
1.646396215856000059e-02 1.145286407109915167e-01 1.176905000000000034e-01 2.416770999999999850e-03 4.325270679171420584e-04
1.676061286759999991e-02 1.064761776340657357e-01 1.092594000000000065e-01 2.376395999999999804e-03 4.339426752799959157e-04
1.706814801160000047e-02 9.874863560444854804e-02 9.840801000000000409e-02 2.345438000000000037e-03 4.354534229440503671e-04
1.738717636320000204e-02 9.134220140748042227e-02 9.295857000000000425e-02 2.219544999999999851e-03 4.370671114610318324e-04
1.771835917543999883e-02 8.425346789174814610e-02 8.351137999999999617e-02 2.037861000000000186e-03 4.387938547996769897e-04
1.806241018176000038e-02 7.747948227531541165e-02 7.832103999999999455e-02 1.916034000000000053e-03 4.406439407543918702e-04
1.842007460384000039e-02 7.101812745102126234e-02 7.035758000000000290e-02 1.762253000000000083e-03 4.426292729319311722e-04
1.879220262416000237e-02 6.486678221974766234e-02 6.540659999999999530e-02 1.683358000000000033e-03 4.447630672680567766e-04
1.917966541735999925e-02 5.902386361458832748e-02 5.955306999999999962e-02 1.598000999999999935e-03 4.470599938819062218e-04
1.958344961496000236e-02 5.348727399864258714e-02 5.317536999999999958e-02 1.484421999999999998e-03 4.495370600871968444e-04
2.000460482496000184e-02 4.825530144738482408e-02 4.672993000000000285e-02 1.369093999999999953e-03 4.522125960714605953e-04
2.044426462400000116e-02 4.332627592037036068e-02 4.572777000000000092e-02 1.339343999999999908e-03 4.551081914274450967e-04
2.090367804560000486e-02 3.869822918972237041e-02 4.069790000000000213e-02 1.237695999999999935e-03 4.582474215923096794e-04
2.138423057232000102e-02 3.436879341822816902e-02 3.532818000000000069e-02 1.145030999999999913e-03 4.616578723730485568e-04
2.188738115927999980e-02 3.033577536006011946e-02 2.976360999999999937e-02 1.036905000000000075e-03 4.653702643310593176e-04
2.241478818712000151e-02 2.659604853854746417e-02 2.605996000000000007e-02 9.517236000000000098e-04 4.694194641418695775e-04
2.296824648552000039e-02 2.314615562194011211e-02 2.292173999999999948e-02 8.819798000000000221e-04 4.738462037243730269e-04
2.354971882144000356e-02 1.998201187772532389e-02 1.886679000000000134e-02 7.942709000000000054e-04 4.786962689313652673e-04
2.372311406304000378e-02 1.911034228554577691e-02 1.897665000000000116e-02 4.085599999999999779e-04 4.594784448294500566e-04
2.406444658464000283e-02 1.751726958640386494e-02 1.736201999999999884e-02 3.782893000000000171e-04 4.613648778562256690e-04
2.416139887560000282e-02 1.709855047027866726e-02 1.691546000000000022e-02 7.613615999999999917e-04 4.840232305010163153e-04
2.441576087832000169e-02 1.600944755239624290e-02 1.579757000000000036e-02 3.427783999999999909e-04 4.633429230745194326e-04
2.477747678728000474e-02 1.458583873663801649e-02 1.462531000000000074e-02 3.226824999999999789e-04 4.654185688779617137e-04
2.480570074640000081e-02 1.448981159578050827e-02 1.430213999999999964e-02 6.905395999999999843e-04 4.898874338052058896e-04
2.515006663512000043e-02 1.324517259621247993e-02 1.274230999999999975e-02 2.926270000000000021e-04 4.675982260142675273e-04
2.548531143032000193e-02 1.214869172517072347e-02 1.235753000000000025e-02 6.304483000000000266e-04 4.963604960256305610e-04
2.553403423367999955e-02 1.198605426041688543e-02 1.145572000000000083e-02 2.693926000000000133e-04 4.698890081677161508e-04
2.592991488304000405e-02 1.080696675170091797e-02 1.048573000000000040e-02 2.529167000000000242e-04 4.722983425920633440e-04
2.620321181408000188e-02 1.006686321194873862e-02 8.668247000000000452e-03 5.616974999999999529e-04 5.035227597229741548e-04
2.633826487544000186e-02 9.706297071504731838e-03 9.590790999999999553e-03 2.412314999999999891e-04 4.748351644771057123e-04
2.675967199136000327e-02 8.682293651330471110e-03 8.555561999999999195e-03 2.360145000000000016e-04 4.775072201808994534e-04
2.719478698776000430e-02 7.732998206924999313e-03 7.252449999999999695e-03 2.174048000000000094e-04 4.803257313463853953e-04
2.764429210984000254e-02 6.856331499438654727e-03 6.566793999999999930e-03 2.026455000000000031e-04 4.832998370742535221e-04
2.810890109104000056e-02 6.050083130079745956e-03 5.777352999999999829e-03 1.845543999999999961e-04 4.864426312516615812e-04
2.858939064128000404e-02 5.311853634746780371e-03 5.234083999999999959e-03 1.704405000000000091e-04 4.897659369494779345e-04
2.908660044696000091e-02 4.639073078605929559e-03 4.602832999999999751e-03 1.569986000000000049e-04 4.932839355009343814e-04
2.960140168272000147e-02 4.029048690760000766e-03 4.096026000000000007e-03 1.484532000000000104e-04 4.970118228491552433e-04
3.013475998792000329e-02 3.478891177329607176e-03 3.433798999999999966e-03 1.386539999999999908e-04 5.009660904040910473e-04
3.068769348232000191e-02 2.985583058085602721e-03 2.902561000000000117e-03 1.328451999999999932e-04 5.051662306827822647e-04
3.126129375824000106e-02 2.545964908538591968e-03 2.215846999999999956e-03 1.129005000000000010e-04 5.096307000329160317e-04
3.185674687272000566e-02 2.156739643113331217e-03 2.067101999999999915e-03 1.058611000000000019e-04 5.143833316669679627e-04
3.247533334752000095e-02 1.814499055935728722e-03 1.901658000000000081e-03 9.854181000000000648e-05 5.194481279977434173e-04
3.311840717695999775e-02 1.515759147942977300e-03 1.396036999999999929e-03 8.199659000000000635e-05 5.248524445205623090e-04
3.378745880440000432e-02 1.256957367282189207e-03 1.327758999999999971e-03 7.928994000000000406e-05 5.306266412322698358e-04
3.448410462616000038e-02 1.034500705604398524e-03 9.923075999999999858e-04 6.836802999999999533e-05 5.368039557038398277e-04
3.521008699152000654e-02 8.448061252941133298e-04 8.954714000000000337e-04 6.376494000000000617e-05 5.434224486247232018e-04
3.596729519487999738e-02 6.843382851243673057e-04 6.889827000000000061e-04 5.501807999999999959e-05 5.505228493528765629e-04
3.675778646792000198e-02 5.496549261278348012e-04 5.886411000000000247e-04 5.050018000000000004e-05 5.581526000394605204e-04
3.758380697176000318e-02 4.374569038115446698e-04 4.632594999999999985e-04 4.379172999999999822e-05 5.663626719972283128e-04
3.844780229303999819e-02 3.446417842851081802e-04 3.955597999999999731e-04 4.028112999999999833e-05 5.752126115426278111e-04
3.935244893216000711e-02 2.683539609572484371e-04 3.334925000000000194e-04 3.683098999999999954e-05 5.847674082302808853e-04
4.030070678368000148e-02 2.060317840920033138e-04 2.130292999999999900e-04 2.898452000000000146e-05 5.951004001804149467e-04
4.129578764807999985e-02 1.554533580560497387e-04 1.882375999999999949e-04 2.675692999999999998e-05 6.062957993011743691e-04
4.234124969648000308e-02 1.147613945835980899e-04 1.503653999999999885e-04 2.406025000000000058e-05 6.184474962557452065e-04
4.243199633740000337e-02 1.114951574528993267e-04 1.374296504984999837e-04 8.377422000000000647e-06 5.713552159954523799e-04
4.304253046140000399e-02 9.288503893663607671e-05 8.922358355789999646e-05 6.583078999999999758e-06 5.762786832313078478e-04
4.344102895888000276e-02 8.247736124872717017e-05 1.342251000000000034e-04 2.284721000000000110e-05 6.316642647609566367e-04
4.367088575075000340e-02 7.665834332051297976e-05 7.975191505524999972e-05 5.884620000000000081e-06 5.814175432416534639e-04
4.431785564924999726e-02 6.264778029776814296e-05 6.821715807325000639e-05 5.338704999999999735e-06 5.867845360268537881e-04
4.459944982024000026e-02 5.749260663088128826e-05 5.687839000000000008e-05 1.513477000000000079e-05 6.460662405866445098e-04
4.498429624100000468e-02 5.071759737708939384e-05 5.036779873500000268e-05 4.513395999999999740e-06 5.923935423181535785e-04
4.582136146952000416e-02 3.902920167289510793e-05 6.277766000000000433e-05 1.542279000000000010e-05 6.617958048147554910e-04
4.567107405015000121e-02 4.076085152259278986e-05 4.293573554189999926e-05 4.055606000000000350e-06 5.982592427411046344e-04
4.637916000135000605e-02 3.269317421891997105e-05 2.893566578759999863e-05 3.293324999999999932e-06 6.043971331805024407e-04
4.711209591536000968e-02 2.657391850402189581e-05 2.605347999999999911e-05 1.060874000000000001e-05 6.790087810569241491e-04
4.710953545930000180e-02 2.644855412834719283e-05 2.195857400735000203e-05 2.931064000000000047e-06 6.108261087365535842e-04
4.786329662925000589e-02 2.197159479443342274e-05 2.001398152280000042e-05 2.976411999999999905e-06 6.175618765550866312e-04
4.864156059654999725e-02 1.921103820822383615e-05 2.328479302275000248e-05 3.135864000000000187e-06 6.246279392566426178e-04
4.944554884705000541e-02 1.811118731746174981e-05 1.789887602210000103e-05 2.770653000000000186e-06 6.320423371795278735e-04
5.027656638700000319e-02 1.860393333372837590e-05 1.178909131249999948e-05 2.191511000000000201e-06 6.398321486695084624e-04
5.113599130300000573e-02 2.060045961826907209e-05 1.692340435120000126e-05 2.499830000000000171e-06 6.480210007324222962e-04
5.202531652220000052e-02 2.398356166130347916e-05 2.146430729035000209e-05 2.668835999999999904e-06 6.566372201305983826e-04
5.294611849215000166e-02 2.860086848999383687e-05 2.840543421599999873e-05 3.133105999999999865e-06 6.657112659479032767e-04
5.390008850095000248e-02 3.425984552677369637e-05 3.766851456304999850e-05 3.649890000000000134e-06 6.752753677758503844e-04
5.488908487750000093e-02 4.072539945504732796e-05 5.307263383844999728e-05 4.508288999999999587e-06 6.853687443775357407e-04
5.591505991114999879e-02 4.771961260416441252e-05 5.169683813109999881e-05 4.329746000000000236e-06 6.960260400088563422e-04
5.698010161190000811e-02 5.492572114266299366e-05 6.211139390635000436e-05 4.563199999999999780e-06 7.072948152349485800e-04
5.808651723080000134e-02 6.199652156262199681e-05 6.056366499114999830e-05 4.327046000000000245e-06 7.192207747923025970e-04
5.923673929950000472e-02 6.856590143689574154e-05 6.974066371875001073e-05 4.512566000000000122e-06 7.318564934481690655e-04
6.043345091085000620e-02 7.426607658006371179e-05 8.095568754260000141e-05 4.790666000000000051e-06 7.452598224026369452e-04
6.167949175845000021e-02 7.874740159234968988e-05 9.087832691809999213e-05 5.060759000000000245e-06 7.594938221443016130e-04
6.297801473740000100e-02 8.170226045073373199e-05 8.577228769585000382e-05 4.847316999999999994e-06 7.746305311955178040e-04
6.433238154379999907e-02 8.288916862580572738e-05 9.669346185535000282e-05 5.045274999999999734e-06 7.907458272447348774e-04
6.574627751530000286e-02 8.215681967941409656e-05 7.997672540054999305e-05 4.559218000000000400e-06 8.079285510243154438e-04
6.722371163109999714e-02 7.946422062742705043e-05 8.736850315585000025e-05 4.656964999999999720e-06 8.262732050606565876e-04
6.876908959230000618e-02 7.489431135352264018e-05 7.757136072015000496e-05 4.362813999999999934e-06 8.458898442764045981e-04
7.038719294180000030e-02 6.865832184860938775e-05 7.040299312114999507e-05 4.101043999999999728e-06 8.668981190904500190e-04
7.208326258470000580e-02 6.108795261286710835e-05 6.430512001940000559e-05 3.841403000000000057e-06 8.894314814950559462e-04
7.386310318880000281e-02 5.261383941154331833e-05 5.383164629129999794e-05 3.499875000000000097e-06 9.136444927784328823e-04
7.573305186445000725e-02 4.373148573123463118e-05 4.066992969939999805e-05 3.018078000000000193e-06 9.397068874199072030e-04
7.644301702465000625e-02 4.045445680291999651e-05 3.989207470315000092e-05 2.209850000000000111e-06 8.362531147618882700e-04
7.754291805235000168e-02 3.560040614759281641e-05 3.351388376359999656e-05 1.973423000000000028e-06 8.471316179353477385e-04
7.770014520534999913e-02 3.495549715630552352e-05 3.616735193345000103e-05 2.893771999999999795e-06 9.678161034883073655e-04
7.867493267385000655e-02 3.091915265997159152e-05 3.019965640330000067e-05 1.788200999999999907e-06 8.584366418805992015e-04
7.977215060870000707e-02 2.676842863692612245e-05 3.002799323189999793e-05 2.601596000000000104e-06 9.981884187162462507e-04
7.984049117599999190e-02 2.648503140970998854e-05 2.831367182975000262e-05 1.691559999999999988e-06 8.701921447176823830e-04
8.104109692600000581e-02 2.236234521737401183e-05 2.357657240764999879e-05 1.524315999999999976e-06 8.824232618588938532e-04
8.195769155580000243e-02 1.957005910565380295e-05 1.754058765970000036e-05 2.013034999999999946e-06 1.031080369693866423e-03
8.227835769154999424e-02 1.860318678198129470e-05 1.898727293585000017e-05 1.325931000000000096e-06 8.951573863548744660e-04
8.355399608090000041e-02 1.524587508870887029e-05 1.458380854839999872e-05 1.155727999999999931e-06 9.084230268310242726e-04
8.426636245260001046e-02 1.363563250993172822e-05 1.405931775169999981e-05 1.926243999999999815e-06 1.066770804880523430e-03
8.486980778265000580e-02 1.231411748688763429e-05 1.558898422879999987e-05 1.181042999999999917e-06 9.222554868431253553e-04
8.622773464610000715e-02 9.816538988587283018e-06 1.112673190604999954e-05 1.076749000000000082e-06 9.366821373555704816e-04
8.762981248100000509e-02 7.747242983663192792e-06 7.941759992879999955e-06 9.538450000000000553e-07 9.517477536610264568e-04
8.907823369785000667e-02 6.086809056570870274e-06 6.461152137800000159e-06 8.484658000000000377e-07 9.674838394308402610e-04
9.057533686785000648e-02 4.804089122492679696e-06 4.597143530605000625e-06 7.252126000000000283e-07 9.839409886553155890e-04
9.212363804305000181e-02 3.858444241387021270e-06 4.172877262389999587e-06 6.696594000000000229e-07 1.001161592226629694e-03
9.372578899615000014e-02 3.202401677000428682e-06 2.896674998340000172e-06 5.930403999999999904e-07 1.019197235983771701e-03
9.538465030084999907e-02 2.784423043058750015e-06 1.859392984170000043e-06 6.369952999999999971e-07 1.038103377812152079e-03
9.710328089180000899e-02 2.551752814492729236e-06 3.633081399785000030e-06 7.256818999999999807e-07 1.057938171454386083e-03
9.888499026485000898e-02 2.453088695021272844e-06 3.319392057439999970e-06 7.272989999999999800e-07 1.078773151258409762e-03
1.007333280370000111e-01 2.440962580666687989e-06 2.430247039065000143e-06 6.543883000000000523e-07 1.100671600912824389e-03
1.026520526262500038e-01 2.473706034700445637e-06 2.213619798335000155e-06 5.994533000000000438e-07 1.123717719547484952e-03
1.046453191725000148e-01 2.516948178399741586e-06 2.535798286560000016e-06 5.750383999999999593e-07 1.147995802703563953e-03
1.067174602965000052e-01 2.544597286586643436e-06 1.998951822069999843e-06 5.327947999999999899e-07 1.173599114792184869e-03
1.088734350220000036e-01 2.539296668289633351e-06 1.075675196550000037e-06 4.800187999999999678e-07 1.200633730097984452e-03
1.111181501725000131e-01 2.492331193322161164e-06 2.466540938079999798e-06 5.889555000000000356e-07 1.229211083119575477e-03
1.134575565765000155e-01 2.402970424758540854e-06 3.704511041485000042e-06 6.290019000000000441e-07 1.259463137029425079e-03
1.158975006620000109e-01 2.277289602491053340e-06 2.800145968679999720e-06 5.453407999999999753e-07 1.291524516391771632e-03
1.184446640610000157e-01 2.126416351838541234e-06 1.838898217749999896e-06 4.781134999999999753e-07 1.325556278584956839e-03
1.211063548085000025e-01 1.964368866042311965e-06 1.568399705379999922e-06 4.667247999999999813e-07 1.361727040345825064e-03
1.238904029420000025e-01 1.805659546363635405e-06 2.235382735935000248e-06 4.951528999999999683e-07 1.400234993490735626e-03
1.268054737030000212e-01 1.662924565617098714e-06 2.652083983009999658e-06 5.089900999999999991e-07 1.441293733066233975e-03
1.298610675369999967e-01 1.544999710222884476e-06 1.935720286964999706e-06 4.875698999999999725e-07 1.485144811018777617e-03
1.330675200935000080e-01 1.455789593939842924e-06 1.810567393605000124e-06 4.349312000000000029e-07 1.532063691765130379e-03
1.364362110270000150e-01 1.394180081935226637e-06 1.838854211809999933e-06 4.247749999999999903e-07 1.582356081700955069e-03
1.399800859995000146e-01 1.355035040458044709e-06 1.086441649825000011e-06 3.745787000000000056e-07 1.636375502980902180e-03
1.437128214765000245e-01 1.331028366151859908e-06 1.476947360980000026e-06 4.170004000000000102e-07 1.694508990132834831e-03
1.476501819334999910e-01 1.314755244462975247e-06 8.948257851750000073e-07 3.884817000000000210e-07 1.757218056871713346e-03
1.518093934530000133e-01 1.300552424681292410e-06 2.183907787754999792e-06 4.840445000000000037e-07 1.825002058390345992e-03
