# Dataset "150K (-)" exported from GenX on Fri Dec  9 11:04:04 2016
# Column lables:
# x	I_simulated	I	error(I)	error(x)
8.891266530254999731e-03 1.000001211116153255e-01 1.031412000000000023e-01 3.250073000000000024e-03 4.079067179313407678e-04
8.975543804729998673e-03 1.000001211116153393e-01 1.027990000000000015e-01 2.851316999999999914e-03 4.080685530271463044e-04
9.061434799544999807e-03 1.000001211116153116e-01 1.000903000000000070e-01 2.612901999999999846e-03 4.082354736776343447e-04
9.148984340264999099e-03 9.995681777531541246e-02 9.982147999999999022e-02 2.484188000000000021e-03 4.084077227910050075e-04
9.238242464729999950e-03 9.991860258832893638e-02 9.944379999999999886e-02 2.383746999999999863e-03 4.085854856537951118e-04
9.329260253234999620e-03 9.989548820086065206e-02 9.973949000000000009e-02 2.312173999999999740e-03 4.087690578368421567e-04
9.422088786074998834e-03 9.945538275418236429e-02 1.009362000000000037e-01 2.271964000000000015e-03 4.089586946728543523e-04
9.516783313364999761e-03 9.907003498356592441e-02 9.838821000000000372e-02 2.214893999999999804e-03 4.091546068919475103e-04
9.613399085219999363e-03 9.883336618667855344e-02 9.380425000000000568e-02 2.138833000000000140e-03 4.093571643041435913e-04
9.711999691394999218e-03 9.707173379350184095e-02 9.014901999999999638e-02 2.044295000000000227e-03 4.095665840128817170e-04
9.812640382004999759e-03 9.589764480665606550e-02 9.533864999999999701e-02 2.026079000000000074e-03 4.097832651235938585e-04
9.915391001534998652e-03 9.510527245317551559e-02 9.064377999999999325e-02 1.900708999999999992e-03 4.100074823237332463e-04
1.002031618219499827e-02 9.054017016619053670e-02 9.053833999999999493e-02 1.854942000000000049e-03 4.102396696168716765e-04
1.012748576846999975e-02 8.829490468721014340e-02 8.433268000000000708e-02 1.748235999999999801e-03 4.104801236795771187e-04
1.023697168975499887e-02 8.364312745863604348e-02 7.875337000000000309e-02 1.654494999999999967e-03 4.107292864600721656e-04
1.034885213017499965e-02 7.910506505569561697e-02 7.606103000000000169e-02 1.579414000000000122e-03 4.109876544803214740e-04
1.046320423140000011e-02 7.609183665609092762e-02 7.440958999999999768e-02 1.517264999999999846e-03 4.112555121731901087e-04
1.058010513510000000e-02 6.947998151921273846e-02 6.920980000000000187e-02 1.417279000000000021e-03 4.115335491100384230e-04
1.069966429904999766e-02 6.561531147493838978e-02 6.518268000000000673e-02 1.347538000000000121e-03 4.118221344102601590e-04
1.082194427054999908e-02 6.073532845192689683e-02 6.187436999999999798e-02 1.286727000000000096e-03 4.121219446643354647e-04
1.094704929509999862e-02 5.695390885917409746e-02 5.564029000000000197e-02 1.200407000000000123e-03 4.124333584059490434e-04
1.107508361819999933e-02 5.337262686890387881e-02 5.333008000000000193e-02 1.150656000000000118e-03 4.127573080778703762e-04
1.120615148534999904e-02 5.021316713687321714e-02 5.164750999999999370e-02 1.106289000000000100e-03 4.130941451560891063e-04
1.134035714204999906e-02 4.744780391757571353e-02 4.796324000000000420e-02 1.048897000000000024e-03 4.134447966962941762e-04
1.147781525834999997e-02 4.493643314395557448e-02 4.417783000000000126e-02 9.905988999999999593e-04 4.138099715585524764e-04
1.161865092884999812e-02 4.264322773765742702e-02 4.403967999999999772e-02 9.616527999999999621e-04 4.141904569601887538e-04
1.176297882359999755e-02 4.051397596917143129e-02 4.138131999999999922e-02 9.162129999999999233e-04 4.145871228659182384e-04
1.191094488629999837e-02 3.851916784009257883e-02 3.951410000000000339e-02 8.872463000000000571e-04 4.150009266592545967e-04
1.206267421155000040e-02 3.663884279717384562e-02 3.567159999999999775e-02 8.324254999999998721e-04 4.154329451170669951e-04
1.221832316759999953e-02 3.485794329566091476e-02 3.312665000000000054e-02 7.806838999999999879e-04 4.158841625647218747e-04
1.237803769814999760e-02 3.316503182621227674e-02 3.192931999999999715e-02 7.324848999999999163e-04 4.163557963476070324e-04
1.254198459600000017e-02 3.155089630213459007e-02 3.199623000000000050e-02 6.986009999999999746e-04 4.168490305202712126e-04
1.271033065394999891e-02 3.000814775431249332e-02 2.936918999999999988e-02 6.453169000000000353e-04 4.173653545952395096e-04
1.288326351389999791e-02 2.853059928899055048e-02 2.763052999999999690e-02 6.179023999999999541e-04 4.179061496956464018e-04
1.306096039319999853e-02 2.711325160136503903e-02 2.627804999999999724e-02 5.860792000000000519e-04 4.184729138987253335e-04
1.317609954794999802e-02 2.624457615747951417e-02 2.756457000000000004e-02 5.128023000000000216e-04 4.189866235590821255e-04
1.324362978284999819e-02 2.575173118723501908e-02 2.585002000000000133e-02 5.580814000000000131e-04 4.190674180844891389e-04
1.336299088034999943e-02 2.490983728493069427e-02 2.558231999999999867e-02 4.693087999999999882e-04 4.196076828967863293e-04
1.355526128054999890e-02 2.362573695436885959e-02 2.313567999999999875e-02 4.317014999999999460e-04 4.202601117986336015e-04
1.375315051319999857e-02 2.238936246259703305e-02 2.239624000000000129e-02 4.036696999999999681e-04 4.209461101499929725e-04
1.395689834294999883e-02 2.119828184005603453e-02 2.158365999999999757e-02 3.877528999999999785e-04 4.216680430219487308e-04
1.416678623264999888e-02 2.005023921685906638e-02 2.008162000000000141e-02 3.634501000000000051e-04 4.224284182569160552e-04
1.438306437149999839e-02 1.894351932946066255e-02 1.969160000000000008e-02 3.496731999999999575e-04 4.232300248291583403e-04
1.460606634509999807e-02 1.787630170067519217e-02 1.781051999999999982e-02 3.261426999999999903e-04 4.240758851828762112e-04
1.483608404084999985e-02 1.684728023217058057e-02 1.697879000000000055e-02 3.175349999999999744e-04 4.249694723879469320e-04
1.507345104434999923e-02 1.585521137791023535e-02 1.634280999999999928e-02 3.228960999999999594e-04 4.259140214764477379e-04
1.531855306394999845e-02 1.489889166480145785e-02 1.484324999999999881e-02 3.077104000000000211e-04 4.269140397382241306e-04
1.557175495889999949e-02 1.397743895622127926e-02 1.364791999999999915e-02 2.888794999999999774e-04 4.279732777508895116e-04
1.583346328664999789e-02 1.309002084497726953e-02 1.301419000000000013e-02 2.740153000000000055e-04 4.290970780604314657e-04
1.610411587829999741e-02 1.223589848899615112e-02 1.273917999999999925e-02 2.630288999999999848e-04 4.302903727154606017e-04
1.638419226315000060e-02 1.141439574043177224e-02 1.148159999999999979e-02 2.451107000000000112e-04 4.315590601595104903e-04
1.667417197050000133e-02 1.062501564931518303e-02 1.085494000000000042e-02 2.388203000000000146e-04 4.329095859636743768e-04
1.697460750150000044e-02 9.867226970061340058e-03 1.016487999999999940e-02 2.358177000000000038e-04 4.343488630240097690e-04
1.728607220639999734e-02 9.140615860531378298e-03 9.143969000000000055e-03 2.327818000000000216e-04 4.358852927574524000e-04
1.760918113364999885e-02 8.444823657825761484e-03 8.268567000000000972e-03 2.153645999999999946e-04 4.375268254935804862e-04
1.794459102989999846e-02 7.779546563806916115e-03 7.823900999999999425e-03 2.030342999999999883e-04 4.392838257434935494e-04
1.829303161364999666e-02 7.144476993548958682e-03 7.193027999999999748e-03 1.890158999999999871e-04 4.411668454023375419e-04
1.865526387704999692e-02 6.539387831514813405e-03 6.570138000000000540e-03 1.753923999999999913e-04 4.431880310990359028e-04
1.903214263319999780e-02 5.964023266168703985e-03 6.095963000000000249e-03 1.673301000000000194e-04 4.453609031031349774e-04
1.942455396884999741e-02 5.418204634025419221e-03 5.323310999999999842e-03 1.556511999999999913e-04 4.477005926951180682e-04
1.983349864079999789e-02 4.901706475300388055e-03 4.742688000000000112e-03 1.443129999999999988e-04 4.502244240799137547e-04
2.026001910404999842e-02 4.414360581064200213e-03 4.355850999999999994e-03 1.360646999999999985e-04 4.529512505866829081e-04
2.070529333274999731e-02 3.955940518132912247e-03 4.211180999999999605e-03 1.322774000000000085e-04 4.559031353579507751e-04
2.117058269744999735e-02 3.526230525897996581e-03 3.587682999999999931e-03 1.196311999999999940e-04 4.591042075980571809e-04
2.165726323874999498e-02 3.124990057766637193e-03 3.273952000000000112e-03 1.134934999999999866e-04 4.625828551739028936e-04
2.216684651639999962e-02 2.751938116098474364e-03 2.560215000000000234e-03 9.906548999999999466e-05 4.663704045834812686e-04
2.270099003384999647e-02 2.406748381736649022e-03 2.476396000000000066e-03 9.564569999999999127e-05 4.705027927231144485e-04
2.326150766279999615e-02 2.089041817787979510e-03 2.199406000000000104e-03 8.901738000000000456e-05 4.750215903624171055e-04
2.347405381275000091e-02 1.978368176577244893e-03 2.027614000000000066e-03 4.834965999999999949e-05 4.584423298726242107e-04
2.380701393974999497e-02 1.817450937351369235e-03 1.865322000000000204e-03 4.407747000000000406e-05 4.602669835131018797e-04
2.385040091684999947e-02 1.798366966550697795e-03 1.814881000000000176e-03 8.025946999999999747e-05 4.799737542889715271e-04
2.414956465274999825e-02 1.664893085819636308e-03 1.659303000000000210e-03 4.024537999999999786e-05 4.621787502033818302e-04
2.450211250919999764e-02 1.520594928150823238e-03 1.527630999999999998e-03 3.668270000000000032e-05 4.641833525222118450e-04
2.486510576474999790e-02 1.384438789346027548e-03 1.339958999999999942e-03 3.360189000000000025e-05 4.662868211425667581e-04
2.523901352414999882e-02 1.256298609488498176e-03 1.197174999999999975e-03 3.087198999999999781e-05 4.684957664321418524e-04
2.562434659034999729e-02 1.136032662555253210e-03 1.184688000000000147e-03 2.984039000000000247e-05 4.708172485761752705e-04
2.602162619084999809e-02 1.023493726251111869e-03 1.017637999999999963e-03 2.713298000000000123e-05 4.732588498934700008e-04
2.643141525134999961e-02 9.185185204578042448e-04 9.105362999999999781e-04 2.560300999999999934e-05 4.758296724030669153e-04
2.685431839574999729e-02 8.209287594051264134e-04 7.979826000000000193e-04 2.484828999999999990e-05 4.785375174685888825e-04
2.729097152159999998e-02 7.305339965065201033e-04 7.056452999999999641e-04 2.338695000000000145e-05 4.813937886868088854e-04
2.774206264919999720e-02 6.471270176570229245e-04 6.404474999999999968e-04 2.181418999999999790e-05 4.844076875205429508e-04
2.820831107249999886e-02 5.704884204790715545e-04 5.642288000000000078e-04 1.986634999999999996e-05 4.875925017165973750e-04
2.869050905729999754e-02 5.003796719556682059e-04 4.788470000000000183e-04 1.777985999999999954e-05 4.909601870803374703e-04
2.918946971849999822e-02 4.365519468745336705e-04 4.125420000000000085e-04 1.619644999999999974e-05 4.945251278033908080e-04
2.970609999194999754e-02 3.787363392266590383e-04 3.624785000000000160e-04 1.523437000000000064e-05 4.983027301136930829e-04
3.024133808714999858e-02 3.266530721647911695e-04 3.216272000000000163e-04 1.465327999999999940e-05 5.023096435690240728e-04
3.079623688364999806e-02 2.800038187891447979e-04 2.737058999999999911e-04 1.406612000000000044e-05 5.065656537708118461e-04
3.137187011010000165e-02 2.384820476389405469e-04 2.195621999999999830e-04 1.227282000000000018e-05 5.110893852284647404e-04
3.196942616519999475e-02 2.017663575967410699e-04 1.909005000000000131e-04 1.107608000000000086e-05 5.159050501410118814e-04
3.259018726859999604e-02 1.695252393310126503e-04 1.606208999999999990e-04 9.873805999999999973e-06 5.210369088012479100e-04
3.323553988544999255e-02 1.414192573707710125e-04 1.466353999999999954e-04 9.148450999999999868e-06 5.265125877471971876e-04
3.390696430184999416e-02 1.171044249051398636e-04 1.126786000000000091e-04 7.974272999999998656e-06 5.323628598469374489e-04
3.460607632304999598e-02 9.623393228878719739e-05 9.186415999999999766e-05 7.165363000000000500e-06 5.386213908296253686e-04
3.533462727344999915e-02 7.846248166515332775e-05 9.008469999999999488e-05 6.971456999999999955e-06 5.453266911770320068e-04
3.609450399659999698e-02 6.345060912959398424e-05 6.734878000000000674e-05 5.942372000000000134e-06 5.525199503051541347e-04
3.688779140249999478e-02 5.086827557744744632e-05 5.509388000000000317e-05 5.293763999999999889e-06 5.602491646049015091e-04
3.771673076939999897e-02 4.040088984728771915e-05 3.894055000000000107e-05 4.394223000000000635e-06 5.685658716515528451e-04
3.858378229109999530e-02 3.175345951761727499e-05 3.755265000000000035e-05 4.314922999999999548e-06 5.775304285394839907e-04
3.949163550149999841e-02 2.465573567497659566e-05 3.077364000000000239e-05 3.806389999999999821e-06 5.872085132557599207e-04
4.044324054824999931e-02 1.886668522243726138e-05 1.743147000000000202e-05 2.865823000000000158e-06 5.976740996389587291e-04
4.144184989094999716e-02 1.417821513892517905e-05 1.792929999999999790e-05 2.821493999999999841e-06 6.090126581912399303e-04
4.249100787659999823e-02 1.041791731068586474e-05 1.145637999999999957e-05 2.316220999999999893e-06 6.213189987296701897e-04
4.273640578712000621e-02 9.656037378072911985e-06 1.102162758819999907e-05 7.370024000000000191e-07 5.704259598337456339e-04
4.359466540964999220e-02 7.449577480617653300e-06 9.673619999999999718e-06 2.091663999999999664e-06 6.347029995328523286e-04
4.334259322594000152e-02 8.029674618972625492e-06 9.329706651740000484e-06 6.442214000000000303e-07 5.752642830450713490e-04
4.396622974437999765e-02 6.616837314128610466e-06 8.105430843659998445e-06 5.855141999999999954e-07 5.803113101844905274e-04
4.460807040042000238e-02 5.403829501157349935e-06 7.148615816339999270e-06 5.274395999999999950e-07 5.855797095078431281e-04
4.526894265485999908e-02 4.379579805576678533e-06 5.900862250339999637e-06 4.677474999999999736e-07 5.910824808070021122e-04
4.594967396850000579e-02 3.535399355420828364e-06 3.945031323979999058e-06 3.777892000000000064e-07 5.968339188302220410e-04
4.665119523474000468e-02 2.864374599367728263e-06 3.243975917099999413e-06 3.300636000000000148e-07 6.028491259305350167e-04
4.737446837676000111e-02 2.360946052990270772e-06 2.228900259340000025e-06 2.708272000000000046e-07 6.091441023265431205e-04
4.812052772056000377e-02 2.020251943219579113e-06 2.703026707359999800e-06 2.969452999999999664e-07 6.157383477873048204e-04
4.889045930844000687e-02 1.837472103752137206e-06 1.796927534739999785e-06 2.583258000000000221e-07 6.226478539229136520e-04
4.968542158552000099e-02 1.807103066191878512e-06 1.616843031279999924e-06 2.501479000000000055e-07 6.298970667420590672e-04
5.050666608626000476e-02 1.922233163097588903e-06 1.916053477260000014e-06 2.645274999999999843e-07 6.375043283315337279e-04
5.135551674793999849e-02 2.173837399248019800e-06 2.084349857979999766e-06 2.599023000000000230e-07 6.454976912643143206e-04
5.223339059718000443e-02 2.550121716440288519e-06 2.631372816499999719e-06 2.832355999999999611e-07 6.539014313023332843e-04
5.314179774994000349e-02 3.035975578624255187e-06 2.947363866319999668e-06 2.953453999999999971e-07 6.627447891608352539e-04
5.408236209804000161e-02 3.612590997226615401e-06 3.036297085259999686e-06 3.062087999999999752e-07 6.720589136543388261e-04
5.505681096590001045e-02 4.257280165121401664e-06 4.043757768700000148e-06 3.528139000000000065e-07 6.818772965493425948e-04
5.606702682684000516e-02 4.943601282367972052e-06 4.911389167219999322e-06 4.005345999999999581e-07 6.922401401537547037e-04
5.711501627330000525e-02 5.641748956144631560e-06 5.727786079739999783e-06 4.188078999999999819e-07 7.031834589162631920e-04
5.820292036010000364e-02 6.319328680025618998e-06 6.595743325399998336e-06 4.349761999999999745e-07 7.147558437430504398e-04
5.933307666400000624e-02 6.942541966751665507e-06 7.378068780859999717e-06 4.437518000000000574e-07 7.270045974393559698e-04
6.050798825392000174e-02 7.477677158650710127e-06 7.116241698079999728e-06 4.270094000000000040e-07 7.399840178474735618e-04
6.173037540724000266e-02 7.892971694174662098e-06 8.349201175279997924e-06 4.553569000000000003e-07 7.537534555323047126e-04
6.300315492327999978e-02 8.160674910597552417e-06 8.643157205159998784e-06 4.615773999999999732e-07 7.683781711935600955e-04
6.432954355589999562e-02 8.259240081669327627e-06 8.992009572339999070e-06 4.601675000000000077e-07 7.839321942674634322e-04
6.571297526742000961e-02 8.175385917924905932e-06 8.472290718219997930e-06 4.414332999999999563e-07 8.004939251289544489e-04
6.715721500448000592e-02 7.905876045232598857e-06 7.262361613959998876e-06 4.037406000000000465e-07 8.181549603269603959e-04
6.866635869803999759e-02 7.458704676061241191e-06 7.812470166779999332e-06 4.092380999999999672e-07 8.370124064514276787e-04
7.024489532294000971e-02 6.853453386739788203e-06 6.600354429139999423e-06 3.757672999999999822e-07 8.571801217555385152e-04
7.189771724116000851e-02 6.120627457660648716e-06 6.629722581339999755e-06 3.698068000000000395e-07 8.787812492373970252e-04
7.363019260464000182e-02 5.299810650380664174e-06 5.745292767399999017e-06 3.399597999999999973e-07 9.019534009435520566e-04
7.544822741484000228e-02 4.436669146586752331e-06 4.509059102699999710e-06 2.978694000000000004e-07 9.268559971540832375e-04
7.574482039534000122e-02 4.297752832311514746e-06 4.200755321259998991e-06 2.556815000000000121e-07 8.296759845602921140e-04
7.681920584132000129e-02 3.811572096333531568e-06 3.638333727959999630e-06 2.264962999999999951e-07 8.402544819245180013e-04
7.735830689577999353e-02 3.579006864937051662e-06 3.685483075699999279e-06 2.687529000000000057e-07 9.536639489740818178e-04
7.792452797795999808e-02 3.337896537754349209e-06 3.081401244519999572e-06 2.029797999999999976e-07 8.512414632787161477e-04
7.906211074254000659e-02 2.884445643561165622e-06 2.606062561319999680e-06 1.778918000000000048e-07 8.626597546312277272e-04
8.023340219146000984e-02 2.458080553735833925e-06 2.283861556519999612e-06 1.648093000000000066e-07 8.745336165111607368e-04
8.143991244068000956e-02 2.064608563216104718e-06 2.095415040119999806e-06 1.535857000000000066e-07 8.868886672132472813e-04
8.268327572528000324e-02 1.708580935717346506e-06 1.592025213900000083e-06 1.316360999999999938e-07 8.997524300385967202e-04
8.396519868316000557e-02 1.393181971963093390e-06 1.123572277979999805e-06 1.101098000000000136e-07 9.131539021028658130e-04
8.528748104156000376e-02 1.120151888774883582e-06 1.157952818339999999e-06 1.108425999999999870e-07 9.271287054571009838e-04
8.665207767662000404e-02 8.897730857946845377e-07 8.486069546959999204e-07 1.033177999999999883e-07 9.417046999521877038e-04
8.806105724034000992e-02 7.009492152059066664e-07 5.833357409879999154e-07 8.761424000000000329e-08 9.569271719432780781e-04
8.951661250384000679e-02 5.513323196760538898e-07 4.548908845859999943e-07 7.847524000000000331e-08 9.728283033911018637e-04
9.102109138713999903e-02 4.375075451056118197e-07 3.796623143939999986e-07 7.246627000000000850e-08 9.894586595728040602e-04
9.257700730241999465e-02 3.552257638075339691e-07 2.292437308419999680e-07 6.163624999999999051e-08 1.006861961942792736e-03
9.418702881076000677e-02 2.996665798013203400e-07 2.810087923780000052e-07 6.401226000000000783e-08 1.025090134310071297e-03
9.585406236821999992e-02 2.657103452473276872e-07 2.106664624499999880e-07 6.708900999999999599e-08 1.044199249504499522e-03
9.758115923650001466e-02 2.482116606607988408e-07 2.407862633259999766e-07 7.187266000000000852e-08 1.064248911806072763e-03
9.937163960205999680e-02 2.422470272280553664e-07 2.252889314379999837e-07 7.171832000000000345e-08 1.085310733430753334e-03
1.012290615463400101e-01 2.433342324409460243e-07 3.535947527419999729e-07 7.371902000000000627e-08 1.107448617304206909e-03
1.031572313890200127e-01 2.476086222087578964e-07 3.156723273119999714e-07 7.100579999999999648e-08 1.130750203965933363e-03
1.051602347178000191e-01 2.519525341372821866e-07 2.832568233219999717e-07 6.518005000000000137e-08 1.155298005262711406e-03
1.072426432536000146e-01 2.540750682825949790e-07 3.100208177519999452e-07 6.268540000000000358e-08 1.181188179082401802e-03
1.094091424932000095e-01 2.525391621662357094e-07 2.057852513379999446e-07 5.602648999999999892e-08 1.208527835734038870e-03
1.116650074992000113e-01 2.467374369174536397e-07 1.807101090139999788e-07 5.726724999999999950e-08 1.237430391581280072e-03
1.140159270646000089e-01 2.368134062265341258e-07 2.194744983079999768e-07 5.653344999999999858e-08 1.268028863155724884e-03
1.164677968476000025e-01 2.235318877932795546e-07 2.503114772139999959e-07 5.705701999999999908e-08 1.300460824883241167e-03
1.190275468324000080e-01 2.080943632398046131e-07 1.279405791399999899e-07 4.600463000000000184e-08 1.334888405598385393e-03
1.217023138684000111e-01 1.919248297439080439e-07 2.002341152699999957e-07 5.084435999999999750e-08 1.371483198852978952e-03
1.245000622658000017e-01 1.764310977193633053e-07 1.694578005099999903e-07 4.834075000000000225e-08 1.410446397933647067e-03
1.274294803630000028e-01 1.627836364363894555e-07 2.314337169899999675e-07 4.983713000000000655e-08 1.451995571392695290e-03
1.305000839592000139e-01 1.517435897821795554e-07 1.664558158620000019e-07 4.843844000000000132e-08 1.496372414394558535e-03
1.337223197469999958e-01 1.435752558014295524e-07 1.078439829740000067e-07 4.178934000000000037e-08 1.543860247614401186e-03
1.371076687449999942e-01 1.380634225827896960e-07 9.147001750539998900e-08 4.094607000000000396e-08 1.594765908015656096e-03
1.406689565955999976e-01 1.346321239541330706e-07 1.674649990299999953e-07 4.457215999999999511e-08 1.649449861558695577e-03
1.444201466998000227e-01 1.325344859558010832e-07 1.060011130879999837e-07 4.107522999999999610e-08 1.708304171567815409e-03
1.483768573802000112e-01 1.310589613559106183e-07 1.630277153559999746e-07 4.426090999999999952e-08 1.771797353826052093e-03
1.525564653136000093e-01 1.296936379661415589e-07 8.587126165439999534e-08 4.364816999999999611e-08 1.840434803648583612e-03
