# Dataset "150K (+)" exported from GenX on Fri Dec  9 11:04:04 2016
# Column lables:
# x	I_simulated	I	error(I)	error(x)
8.891266530254999731e-03 1.000001211116153671e-01 9.573692000000000313e-02 3.344845999999999844e-03 4.079067179313407678e-04
8.975543804729998673e-03 1.000001211116153532e-01 9.982267999999999697e-02 3.004020999999999948e-03 4.080685530271463044e-04
9.061434799544999807e-03 1.000001211116153532e-01 9.857968000000000286e-02 2.772502999999999947e-03 4.082354736776343447e-04
9.148984340264999099e-03 9.997517285867643655e-02 9.951837999999998963e-02 2.652103999999999746e-03 4.084077227910050075e-04
9.238242464729999950e-03 9.995177991206152801e-02 9.707945999999999243e-02 2.517385000000000022e-03 4.085854856537951118e-04
9.329260253234999620e-03 9.993681781712381029e-02 9.969732000000000594e-02 2.472292000000000066e-03 4.087690578368421567e-04
9.422088786074998834e-03 9.968127899222213595e-02 9.998487999999999820e-02 2.418301999999999778e-03 4.089586946728543523e-04
9.516783313364999761e-03 9.944340135125218083e-02 9.947108000000000338e-02 2.382098000000000028e-03 4.091546068919475103e-04
9.613399085219999363e-03 9.928847624625583568e-02 9.667227000000000459e-02 2.323622999999999921e-03 4.093571643041435913e-04
9.711999691394999218e-03 9.824621632728794407e-02 8.966641999999999668e-02 2.180791999999999974e-03 4.095665840128817170e-04
9.812640382004999759e-03 9.750121041208537065e-02 9.552673000000000414e-02 2.169120999999999983e-03 4.097832651235938585e-04
9.915391001534998652e-03 9.696855234293198789e-02 9.520271999999999069e-02 2.085381999999999774e-03 4.100074823237332463e-04
1.002031618219499827e-02 9.421288080074431692e-02 9.232991000000000115e-02 2.004591000000000012e-03 4.102396696168716765e-04
1.012748576846999975e-02 9.273046953170827056e-02 9.059438000000000213e-02 1.940717999999999914e-03 4.104801236795771187e-04
1.023697168975499887e-02 8.984925902108695239e-02 8.841330000000000022e-02 1.878967999999999958e-03 4.107292864600721656e-04
1.034885213017499965e-02 8.690090597446722964e-02 8.344175000000000897e-02 1.772788000000000185e-03 4.109876544803214740e-04
1.046320423140000011e-02 8.479961337589692061e-02 8.071642999999999180e-02 1.692979999999999745e-03 4.112555121731901087e-04
1.058010513510000000e-02 8.055200154561086012e-02 7.997625999999999347e-02 1.633478999999999747e-03 4.115335491100384230e-04
1.069966429904999766e-02 7.781087932840136112e-02 7.778542000000000789e-02 1.579059000000000062e-03 4.118221344102601590e-04
1.082194427054999908e-02 7.444860372668261894e-02 7.225397000000000070e-02 1.491097000000000039e-03 4.121219446643354647e-04
1.094704929509999862e-02 7.165373618089397600e-02 6.992041000000000228e-02 1.444150999999999855e-03 4.124333584059490434e-04
1.107508361819999933e-02 6.894986453832299689e-02 6.816170000000000562e-02 1.396394000000000021e-03 4.127573080778703762e-04
1.120615148534999904e-02 6.645182944313490769e-02 6.676522000000000012e-02 1.350791999999999965e-03 4.130941451560891063e-04
1.134035714204999906e-02 6.416140696112833386e-02 6.247863000000000028e-02 1.285347000000000052e-03 4.134447966962941762e-04
1.147781525834999997e-02 6.199862760859400912e-02 6.150105999999999629e-02 1.255440999999999935e-03 4.138099715585524764e-04
1.161865092884999812e-02 5.994593609598874301e-02 5.699619000000000213e-02 1.174499000000000072e-03 4.141904569601887538e-04
1.176297882359999755e-02 5.797333571139628300e-02 5.892855000000000315e-02 1.174555000000000087e-03 4.145871228659182384e-04
1.191094488629999837e-02 5.606458250717989700e-02 5.496894000000000086e-02 1.124073000000000173e-03 4.150009266592545967e-04
1.206267421155000040e-02 5.420897083934751032e-02 5.004920000000000202e-02 1.058986999999999949e-03 4.154329451170669951e-04
1.221832316759999953e-02 5.239845215931596134e-02 4.834199000000000135e-02 1.012756999999999980e-03 4.158841625647218747e-04
1.237803769814999760e-02 5.062714043937001362e-02 4.848274000000000333e-02 9.695647999999999636e-04 4.163557963476070324e-04
1.254198459600000017e-02 4.889037032079932704e-02 4.831538999999999973e-02 9.222808000000000958e-04 4.168490305202712126e-04
1.271033065394999891e-02 4.718458399491168298e-02 4.633067999999999909e-02 8.709273999999999922e-04 4.173653545952395096e-04
1.288326351389999791e-02 4.550688244511758712e-02 4.341509999999999814e-02 8.322394999999999793e-04 4.179061496956464018e-04
1.306096039319999853e-02 4.385517655482813054e-02 4.261209999999999998e-02 8.018390000000000456e-04 4.184729138987253335e-04
1.317609954794999802e-02 4.282146969100723150e-02 4.313644999999999979e-02 7.760770999999999425e-04 4.189866235590821255e-04
1.324362978284999819e-02 4.222767244400633946e-02 4.369709000000000093e-02 7.799160000000000727e-04 4.190674180844891389e-04
1.336299088034999943e-02 4.120041904599313493e-02 4.134464999999999668e-02 7.221888999999999999e-04 4.196076828967863293e-04
1.355526128054999890e-02 3.960185427111793943e-02 3.862228999999999662e-02 6.755767000000000196e-04 4.202601117986336015e-04
1.375315051319999857e-02 3.802496354619173957e-02 3.651100999999999652e-02 6.239579999999999779e-04 4.209461101499929725e-04
1.395689834294999883e-02 3.646931844772574594e-02 3.633462999999999971e-02 6.093980999999999617e-04 4.216680430219487308e-04
1.416678623264999888e-02 3.493452622729889545e-02 3.476743000000000194e-02 5.793436999999999806e-04 4.224284182569160552e-04
1.438306437149999839e-02 3.342075230778465689e-02 3.462559999999999943e-02 5.619559999999999573e-04 4.232300248291583403e-04
1.460606634509999807e-02 3.192788271584167531e-02 3.209714000000000317e-02 5.306579000000000070e-04 4.240758851828762112e-04
1.483608404084999985e-02 3.045639596723124370e-02 3.141491999999999896e-02 5.235170000000000361e-04 4.249694723879469320e-04
1.507345104434999923e-02 2.900676944840258412e-02 3.008577000000000126e-02 5.310402999999999782e-04 4.259140214764477379e-04
1.531855306394999845e-02 2.757944877249234733e-02 2.866853999999999930e-02 5.184919999999999547e-04 4.269140397382241306e-04
1.557175495889999949e-02 2.617528160707875001e-02 2.516707999999999792e-02 4.752728000000000551e-04 4.279732777508895116e-04
1.583346328664999789e-02 2.479513541998422735e-02 2.502874999999999892e-02 4.603345000000000223e-04 4.290970780604314657e-04
1.610411587829999741e-02 2.343997061217413524e-02 2.395693000000000128e-02 4.369495000000000150e-04 4.302903727154606017e-04
1.638419226315000060e-02 2.211079941160324150e-02 2.192203000000000207e-02 4.102544999999999868e-04 4.315590601595104903e-04
1.667417197050000133e-02 2.080888475265154497e-02 2.126449000000000047e-02 4.049587999999999690e-04 4.329095859636743768e-04
1.697460750150000044e-02 1.953540129208757720e-02 2.059319999999999901e-02 4.067738000000000321e-04 4.343488630240097690e-04
1.728607220639999734e-02 1.829168708343723027e-02 1.859020000000000117e-02 4.019728000000000081e-04 4.358852927574524000e-04
1.760918113364999885e-02 1.707914778127123459e-02 1.746624000000000093e-02 3.792593999999999826e-04 4.375268254935804862e-04
1.794459102989999846e-02 1.589925948699144609e-02 1.629336999999999799e-02 3.549415000000000100e-04 4.392838257434935494e-04
1.829303161364999666e-02 1.475346580921607642e-02 1.466522000000000138e-02 3.267396000000000319e-04 4.411668454023375419e-04
1.865526387704999692e-02 1.364332820063413575e-02 1.412638999999999909e-02 3.113774000000000251e-04 4.431880310990359028e-04
1.903214263319999780e-02 1.257032819657966788e-02 1.269432000000000026e-02 2.922852999999999779e-04 4.453609031031349774e-04
1.942455396884999741e-02 1.153606054371514658e-02 1.196819000000000008e-02 2.823684999999999715e-04 4.477005926951180682e-04
1.983349864079999789e-02 1.054199981003208636e-02 1.052468999999999974e-02 2.602983999999999810e-04 4.502244240799137547e-04
2.026001910404999842e-02 9.589694060832565717e-03 9.886167999999998998e-03 2.480819000000000210e-04 4.529512505866829081e-04
2.070529333274999731e-02 8.680538619113933527e-03 8.695867999999998960e-03 2.298651000000000025e-04 4.559031353579507751e-04
2.117058269744999735e-02 7.815903892379958903e-03 8.294114000000000000e-03 2.200681000000000013e-04 4.591042075980571809e-04
2.165726323874999498e-02 6.997061326592040470e-03 6.687173000000000249e-03 1.962335999999999909e-04 4.625828551739028936e-04
2.216684651639999962e-02 6.225145462358788045e-03 6.335546999999999533e-03 1.884264000000000024e-04 4.663704045834812686e-04
2.270099003384999647e-02 5.501137191941198740e-03 5.460417999999999869e-03 1.716231999999999936e-04 4.705027927231144485e-04
2.326150766279999615e-02 4.825842213226651939e-03 4.915309999999999992e-03 1.607389000000000138e-04 4.750215903624171055e-04
2.347405381275000091e-02 4.588646598773490036e-03 4.738107000000000082e-03 1.002866000000000098e-04 4.584423298726242107e-04
2.380701393974999497e-02 4.241380078206932573e-03 4.506661000000000347e-03 9.296041000000000601e-05 4.602669835131018797e-04
2.385040091684999947e-02 4.199843223487825447e-03 4.441950000000000065e-03 1.517389999999999917e-04 4.799737542889715271e-04
2.414956465274999825e-02 3.909742335027420641e-03 3.826177000000000050e-03 8.283678000000000482e-05 4.621787502033818302e-04
2.450211250919999764e-02 3.593770973602332906e-03 3.527738999999999788e-03 7.553655000000000102e-05 4.641833525222118450e-04
2.486510576474999790e-02 3.293456597593042486e-03 3.356956999999999823e-03 7.212979000000000114e-05 4.662868211425667581e-04
2.523901352414999882e-02 3.008763296400466473e-03 2.987433999999999749e-03 6.610859999999999924e-05 4.684957664321418524e-04
2.562434659034999729e-02 2.739612225900657332e-03 2.884761999999999917e-03 6.313376999999999303e-05 4.708172485761752705e-04
2.602162619084999809e-02 2.485904033050307434e-03 2.555305999999999810e-03 5.827201999999999507e-05 4.732588498934700008e-04
2.643141525134999961e-02 2.247495103424581361e-03 2.273457999999999903e-03 5.476600000000000386e-05 4.758296724030669153e-04
2.685431839574999729e-02 2.024199510280451537e-03 2.095656999999999902e-03 5.450474999999999683e-05 4.785375174685888825e-04
2.729097152159999998e-02 1.815795234533053174e-03 1.838060000000000084e-03 5.109559999999999916e-05 4.813937886868088854e-04
2.774206264919999720e-02 1.622013398606203657e-03 1.685504999999999903e-03 4.792902999999999671e-05 4.844076875205429508e-04
2.820831107249999886e-02 1.442548582300248695e-03 1.426596000000000027e-03 4.276562000000000408e-05 4.875925017165973750e-04
2.869050905729999754e-02 1.277042392898283937e-03 1.323626999999999963e-03 3.999435000000000105e-05 4.909601870803374703e-04
2.918946971849999822e-02 1.125103905292986102e-03 1.146859000000000073e-03 3.655806000000000214e-05 4.945251278033908080e-04
2.970609999194999754e-02 9.862862120927563987e-04 9.654563999999998727e-04 3.361648000000000446e-05 4.983027301136930829e-04
3.024133808714999858e-02 8.601078850500013147e-04 8.761840000000000123e-04 3.268554000000000012e-05 5.023096435690240728e-04
3.079623688364999806e-02 7.460339926214020704e-04 7.469328000000000122e-04 3.140617999999999616e-05 5.065656537708118461e-04
3.137187011010000165e-02 6.435005823243602563e-04 6.195410000000000370e-04 2.784511000000000283e-05 5.110893852284647404e-04
3.196942616519999475e-02 5.518977186069917067e-04 5.933800000000000142e-04 2.643454000000000187e-05 5.159050501410118814e-04
3.259018726859999604e-02 4.705801332833284495e-04 5.000322999999999660e-04 2.354001999999999964e-05 5.210369088012479100e-04
3.323553988544999255e-02 3.988715280909787392e-04 4.045688999999999882e-04 2.060147000000000047e-05 5.265125877471971876e-04
3.390696430184999416e-02 3.360717913764231209e-04 3.428338999999999974e-04 1.874239999999999863e-05 5.323628598469374489e-04
3.460607632304999598e-02 2.814598397348039532e-04 2.845095000000000176e-04 1.701441999999999896e-05 5.386213908296253686e-04
3.533462727344999915e-02 2.343029629963987225e-04 2.412384000000000110e-04 1.540066000000000037e-05 5.453266911770320068e-04
3.609450399659999698e-02 1.938661639021398294e-04 2.161725000000000246e-04 1.435337999999999911e-05 5.525199503051541347e-04
3.688779140249999478e-02 1.594195032035399255e-04 1.721578000000000138e-04 1.268000999999999958e-05 5.602491646049015091e-04
3.771673076939999897e-02 1.302521322016615636e-04 1.350326999999999853e-04 1.103225999999999998e-05 5.685658716515528451e-04
3.858378229109999530e-02 1.056816190004613958e-04 8.914253999999999169e-05 8.882525000000000137e-06 5.775304285394839907e-04
3.949163550149999841e-02 8.506653595230726232e-05 5.686194999999999520e-05 7.012291000000000147e-06 5.872085132557599207e-04
4.044324054824999931e-02 6.781810617174054145e-05 7.043815000000000254e-05 7.651922999999999955e-06 5.976740996389587291e-04
4.144184989094999716e-02 5.341103238271419345e-05 5.426784999999999237e-05 6.642033000000000380e-06 6.090126581912399303e-04
4.249100787659999823e-02 4.139334857816350741e-05 4.740649000000000018e-05 6.152589000000000090e-06 6.213189987296701897e-04
4.273640578712000621e-02 3.889742755534886975e-05 3.911920644500000018e-05 1.821790000000000010e-06 5.704259598337456339e-04
4.359466540964999220e-02 3.139191626015502671e-05 3.188225000000000125e-05 5.159953000000000333e-06 6.347029995328523286e-04
4.334259322594000152e-02 3.341521558770521057e-05 3.176835690160000091e-05 1.562646000000000082e-06 5.752642830450713490e-04
4.396622974437999765e-02 2.846887688675286203e-05 2.778970045779999588e-05 1.421798999999999853e-06 5.803113101844905274e-04
4.460807040042000238e-02 2.401776336749384777e-05 2.142587438139999972e-05 1.185952000000000110e-06 5.855797095078431281e-04
4.526894265485999908e-02 2.002818131684201209e-05 2.147257215319999817e-05 1.162724999999999951e-06 5.910824808070021122e-04
4.594967396850000579e-02 1.647341894749357533e-05 1.542234513619999715e-05 9.627409000000000390e-07 5.968339188302220410e-04
4.665119523474000468e-02 1.333250544214839666e-05 1.129205975960000012e-05 8.001657000000000696e-07 6.028491259305350167e-04
4.737446837676000111e-02 1.058982608905218137e-05 1.082089108159999850e-05 7.671719999999999030e-07 6.091441023265431205e-04
4.812052772056000377e-02 8.233899262112786806e-06 7.863929916879999359e-06 6.567576999999999809e-07 6.157383477873048204e-04
4.889045930844000687e-02 6.256254429584981600e-06 5.906689780219999347e-06 5.887696000000000287e-07 6.226478539229136520e-04
4.968542158552000099e-02 4.649996701828583880e-06 5.460564183699999100e-06 5.682874999999999991e-07 6.298970667420590672e-04
5.050666608626000476e-02 3.408286102019900857e-06 2.566614102579999705e-06 3.951390000000000021e-07 6.375043283315337279e-04
5.135551674793999849e-02 2.522823101518239805e-06 3.376128411039999010e-06 4.355079000000000189e-07 6.454976912643143206e-04
5.223339059718000443e-02 1.982213718194015703e-06 2.732175881899999544e-06 3.884440000000000073e-07 6.539014313023332843e-04
5.314179774994000349e-02 1.770443761898430113e-06 2.048080242399999912e-06 3.282343000000000025e-07 6.627447891608352539e-04
5.408236209804000161e-02 1.865495886576723638e-06 1.684854977900000039e-06 3.128317999999999942e-07 6.720589136543388261e-04
5.505681096590001045e-02 2.238240549482450104e-06 2.141139461459999901e-06 3.488732999999999798e-07 6.818772965493425948e-04
5.606702682684000516e-02 2.851723441865110281e-06 3.648401461619999939e-06 4.605705000000000146e-07 6.922401401537547037e-04
5.711501627330000525e-02 3.660926788745275645e-06 3.593268335079999281e-06 4.390860000000000448e-07 7.031834589162631920e-04
5.820292036010000364e-02 4.613136706402936845e-06 4.132676319279999036e-06 4.600891999999999956e-07 7.147558437430504398e-04
5.933307666400000624e-02 5.649067465754777377e-06 5.272838512419999263e-06 5.012699999999999881e-07 7.270045974393559698e-04
6.050798825392000174e-02 6.704663112200819194e-06 7.065482886039999770e-06 5.573303999999999969e-07 7.399840178474735618e-04
6.173037540724000266e-02 7.713720966235749994e-06 6.877252204079998918e-06 5.480038000000000039e-07 7.537534555323047126e-04
6.300315492327999978e-02 8.611142329057749163e-06 7.805993038099999693e-06 5.779794000000000384e-07 7.683781711935600955e-04
6.432954355589999562e-02 9.336808690371430815e-06 9.158760536559998339e-06 6.131698999999999854e-07 7.839321942674634322e-04
6.571297526742000961e-02 9.839611672845434363e-06 8.079521281199998782e-06 5.716285000000000023e-07 8.004939251289544489e-04
6.715721500448000592e-02 1.008155635612301357e-05 9.496656686559998747e-06 6.067094999999999973e-07 8.181549603269603959e-04
6.866635869803999759e-02 1.004130042918700166e-05 9.473798142979998559e-06 5.931668000000000490e-07 8.370124064514276787e-04
7.024489532294000971e-02 9.716746476169685370e-06 8.565745982999998771e-06 5.619659000000000518e-07 8.571801217555385152e-04
7.189771724116000851e-02 9.126197494137499265e-06 8.715476410920000184e-06 5.595243999999999965e-07 8.787812492373970252e-04
7.363019260464000182e-02 8.307670637530114926e-06 8.042649215119999364e-06 5.286104000000000414e-07 9.019534009435520566e-04
7.544822741484000228e-02 7.316131042081811400e-06 8.266867670599999422e-06 5.283259000000000232e-07 9.268559971540832375e-04
7.574482039534000122e-02 7.148311664581700496e-06 7.217165253579998364e-06 3.628465000000000059e-07 8.296759845602921140e-04
7.681920584132000129e-02 6.529315057141686788e-06 6.789523886139998875e-06 3.359484000000000068e-07 8.402544819245180013e-04
7.735830689577999353e-02 6.218695874882741660e-06 6.010397180899999209e-06 4.527829999999999854e-07 9.536639489740818178e-04
7.792452797795999808e-02 5.893303850527440812e-06 5.973305089419999788e-06 3.062930999999999940e-07 8.512414632787161477e-04
7.906211074254000659e-02 5.253518228994502468e-06 5.227447272399999111e-06 2.713734000000000257e-07 8.626597546312277272e-04
8.023340219146000984e-02 4.622755623232358589e-06 4.656477168439999299e-06 2.517284000000000110e-07 8.745336165111607368e-04
8.143991244068000956e-02 4.012971617919435004e-06 4.294494523579998888e-06 2.348562000000000063e-07 8.868886672132472813e-04
8.268327572528000324e-02 3.434845896172921106e-06 3.283660117339999512e-06 2.007697999999999798e-07 8.997524300385967202e-04
8.396519868316000557e-02 2.897461306993377191e-06 3.133367053039999605e-06 1.938845000000000048e-07 9.131539021028658130e-04
8.528748104156000376e-02 2.408016359408468311e-06 2.274834228679999618e-06 1.650058000000000044e-07 9.271287054571009838e-04
8.665207767662000404e-02 1.971618712962268400e-06 1.959932828459999602e-06 1.609933000000000206e-07 9.417046999521877038e-04
8.806105724034000992e-02 1.591223895856383633e-06 1.346734611539999638e-06 1.392925999999999803e-07 9.569271719432780781e-04
8.951661250384000679e-02 1.267653807606176579e-06 1.325597504779999935e-06 1.305728999999999952e-07 9.728283033911018637e-04
9.102109138713999903e-02 9.997184805398393492e-07 9.231259953599998672e-07 1.092588000000000016e-07 9.894586595728040602e-04
9.257700730241999465e-02 7.844381097714601627e-07 6.877119141099999501e-07 9.331456000000000414e-08 1.006861961942792736e-03
9.418702881076000677e-02 6.173446055949867761e-07 8.549498678819999594e-07 1.012791000000000086e-07 1.025090134310071297e-03
9.585406236821999992e-02 4.928279139177370105e-07 5.811279432600000115e-07 9.410510000000000004e-08 1.044199249504499522e-03
9.758115923650001466e-02 4.045300568084486125e-07 5.933585266019998821e-07 9.827947000000000038e-08 1.064248911806072763e-03
9.937163960205999680e-02 3.457243302680085685e-07 2.979831233439999571e-07 8.152122000000000979e-08 1.085310733430753334e-03
1.012290615463400101e-01 3.096896203299137350e-07 3.096150280499999370e-07 7.892682999999999472e-08 1.107448617304206909e-03
1.031572313890200127e-01 2.900420358722965440e-07 3.980417694739999491e-07 7.972635999999999103e-08 1.130750203965933363e-03
1.051602347178000191e-01 2.810146277442450249e-07 2.507164287239999532e-07 6.858954999999998965e-08 1.155298005262711406e-03
1.072426432536000146e-01 2.776775160302068604e-07 2.757096377800000091e-07 6.480883000000000025e-08 1.181188179082401802e-03
1.094091424932000095e-01 2.760926757916524459e-07 1.917289810459999702e-07 6.255025000000000783e-08 1.208527835734038870e-03
1.116650074992000113e-01 2.733973903423200622e-07 3.565247576519999218e-07 7.478372000000000653e-08 1.237430391581280072e-03
1.140159270646000089e-01 2.678171967023411032e-07 3.038639831899999902e-07 6.651423999999999302e-08 1.268028863155724884e-03
1.164677968476000025e-01 2.586050025899976090e-07 2.660718966159999415e-07 6.112299999999999748e-08 1.300460824883241167e-03
1.190275468324000080e-01 2.459016865696376242e-07 2.081542962519999655e-07 5.764156000000000624e-08 1.334888405598385393e-03
1.217023138684000111e-01 2.305327004776594953e-07 2.441342117219999575e-07 5.898483000000000051e-08 1.371483198852978952e-03
1.245000622658000017e-01 2.137456744683469321e-07 3.055203553559999699e-07 6.246352000000000186e-08 1.410446397933647067e-03
1.274294803630000028e-01 1.969250487604734198e-07 2.715508433979999307e-07 5.869479999999999960e-08 1.451995571392695290e-03
1.305000839592000139e-01 1.813201784142408761e-07 2.639295826379999602e-07 5.836291000000000231e-08 1.496372414394558535e-03
1.337223197469999958e-01 1.678327300759553946e-07 1.642824887799999890e-07 5.038633000000000461e-08 1.543860247614401186e-03
1.371076687449999942e-01 1.569018933411702797e-07 2.016857590399999625e-07 5.029637000000000134e-08 1.594765908015656096e-03
1.406689565955999976e-01 1.485058074822616574e-07 1.724173516880000008e-07 5.083862000000000078e-08 1.649449861558695577e-03
1.444201466998000227e-01 1.422707049751158189e-07 1.181575164379999921e-07 4.408263999999999616e-08 1.708304171567815409e-03
1.483768573802000112e-01 1.376444615678681358e-07 1.752571461839999803e-07 4.999487999999999352e-08 1.771797353826052093e-03
1.525564653136000093e-01 1.340795659697835629e-07 6.297791215159999311e-08 4.634026999999999677e-08 1.840434803648583612e-03
